-8.39 0.0 -5.44
-8.38 0.0 -5.45
-8.38 0.0 -5.46
-8.37 0.0 -5.47
-8.37 0.0 -5.48
-8.36 0.0 -5.48
-8.36 0.0 -5.49
-8.35 0.0 -5.5
-8.35 0.0 -5.51
-8.34 0.0 -5.52
-8.33 0.0 -5.53
-8.32 0.0 -5.54
-8.32 0.0 -5.55
-8.31 0.0 -5.56
-8.31 0.0 -5.57
-8.3 0.0 -5.58
-8.29 0.0 -5.59
-8.28 0.0 -5.6
-8.28 0.0 -5.61
-8.27 0.0 -5.62
-8.27 0.0 -5.63
-8.26 0.0 -5.63
-8.26 0.0 -5.64
-8.25 0.0 -5.65
-8.25 0.0 -5.66
-8.24 0.0 -5.67
-8.23 0.0 -5.67
-8.23 0.0 -5.68
-8.22 0.0 -5.69
-8.22 0.0 -5.7
-8.21 0.0 -5.71
-8.21 0.0 -5.72
-8.2 0.0 -5.72
-8.19 0.0 -5.73
-8.19 0.0 -5.74
-8.18 0.0 -5.75
-8.18 0.0 -5.76
-8.17 0.0 -5.76
-8.17 0.0 -5.77
-8.16 0.0 -5.78
-8.15 0.0 -5.79
-8.15 0.0 -5.8
-8.14 0.0 -5.81
-8.13 0.0 -5.82
-8.12 0.0 -5.83
-8.12 0.0 -5.84
-8.11 0.0 -5.85
-8.1 0.0 -5.86
-8.1 0.0 -5.87
-8.09 0.0 -5.88
-8.08 0.0 -5.89
-8.07 0.0 -5.9
-8.07 0.0 -5.91
-8.06 0.0 -5.92
-8.05 0.0 -5.93
-8.05 0.0 -5.94
-8.04 0.0 -5.94
-8.04 0.0 -5.95
-8.03 0.0 -5.96
-8.02 0.0 -5.97
-8.02 0.0 -5.98
-8.01 0.0 -5.98
-8.01 0.0 -5.99
-8.0 0.0 -6.0
-7.99 0.0 -6.01
-7.99 0.0 -6.02
-7.98 0.0 -6.02
-7.98 0.0 -6.03
-7.97 0.0 -6.04
-7.96 0.0 -6.05
-7.96 0.0 -6.06
-7.95 0.0 -6.06
-7.95 0.0 -6.07
-7.94 0.0 -6.08
-7.93 0.0 -6.09
-7.92 0.0 -6.1
-7.92 0.0 -6.11
-7.91 0.0 -6.12
-7.9 0.0 -6.13
-7.89 0.0 -6.14
-7.89 0.0 -6.15
-7.88 0.0 -6.16
-7.87 0.0 -6.17
-7.86 0.0 -6.18
-7.85 0.0 -6.19
-7.85 0.0 -6.2
-7.84 0.0 -6.21
-7.83 0.0 -6.22
-7.82 0.0 -6.23
-7.82 0.0 -6.24
-7.81 0.0 -6.24
-7.8 0.0 -6.25
-7.8 0.0 -6.26
-7.79 0.0 -6.27
-7.79 0.0 -6.28
-7.78 0.0 -6.28
-7.77 0.0 -6.29
-7.77 0.0 -6.3
-7.76 0.0 -6.31
-7.75 0.0 -6.31
-7.75 0.0 -6.32
-7.74 0.0 -6.33
-7.74 0.0 -6.34
-7.73 0.0 -6.35
-7.72 0.0 -6.35
-7.72 0.0 -6.36
-7.71 0.0 -6.37
-7.7 0.0 -6.38
-7.69 0.0 -6.39
-7.68 0.0 -6.4
-7.68 0.0 -6.41
-7.67 0.0 -6.41
-7.67 0.0 -6.42
-7.66 0.0 -6.43
-7.65 0.0 -6.44
-7.65 0.0 -6.45
-7.64 0.0 -6.45
-7.63 0.0 -6.46
-7.63 0.0 -6.47
-7.62 0.0 -6.48
-7.61 0.0 -6.48
-7.61 0.0 -6.49
-7.6 0.0 -6.5
-7.59 0.0 -6.51
-7.58 0.0 -6.52
-7.57 0.0 -6.53
-7.57 0.0 -6.54
-7.56 0.0 -6.54
-7.55 0.0 -6.55
-7.55 0.0 -6.56
-7.54 0.0 -6.57
-7.53 0.0 -6.58
-7.52 0.0 -6.59
-7.52 0.0 -6.6
-7.51 0.0 -6.6
-7.5 0.0 -6.61
-7.5 0.0 -6.62
-7.49 0.0 -6.63
-7.48 0.0 -6.63
-7.48 0.0 -6.64
-7.47 0.0 -6.65
-7.46 0.0 -6.66
-7.45 0.0 -6.67
-7.44 0.0 -6.68
-7.44 0.0 -6.69
-7.43 0.0 -6.69
-7.42 0.0 -6.7
-7.42 0.0 -6.71
-7.41 0.0 -6.72
-7.4 0.0 -6.72
-7.4 0.0 -6.73
-7.39 0.0 -6.74
-7.38 0.0 -6.75
-7.37 0.0 -6.76
-7.36 0.0 -6.77
-7.35 0.0 -6.78
-7.34 0.0 -6.79
-7.33 0.0 -6.8
-7.32 0.0 -6.81
-7.31 0.0 -6.82
-7.31 0.0 -6.83
-7.3 0.0 -6.83
-7.29 0.0 -6.84
-7.29 0.0 -6.85
-7.28 0.0 -6.86
-7.27 0.0 -6.86
-7.27 0.0 -6.87
-7.26 0.0 -6.88
-7.25 0.0 -6.88
-7.25 0.0 -6.89
-7.24 0.0 -6.9
-7.23 0.0 -6.91
-7.22 0.0 -6.91
-7.22 0.0 -6.92
-7.21 0.0 -6.93
-7.2 0.0 -6.94
-7.19 0.0 -6.95
-7.18 0.0 -6.96
-7.17 0.0 -6.97
-7.16 0.0 -6.98
-7.16 0.0 -6.99
-7.15 0.0 -6.99
-7.14 0.0 -7.0
-7.13 0.0 -7.01
-7.12 0.0 -7.02
-7.11 0.0 -7.03
-7.11 0.0 -7.04
-7.1 0.0 -7.04
-7.09 0.0 -7.05
-7.09 0.0 -7.06
-7.08 0.0 -7.06
-7.07 0.0 -7.07
-7.06 0.0 -7.08
-7.06 0.0 -7.09
-7.05 0.0 -7.09
-7.04 0.0 -7.1
-7.04 0.0 -7.11
-7.03 0.0 -7.11
-7.02 0.0 -7.12
-7.01 0.0 -7.13


-7.01 0.0 -7.13
-7.0 0.0 -7.14
-6.99 0.0 -7.15
-6.99 0.0 -7.16
-6.98 0.0 -7.16
-6.97 0.0 -7.17
-6.96 0.0 -7.18
-6.95 0.0 -7.19
-6.94 0.0 -7.2
-6.93 0.0 -7.21
-6.92 0.0 -7.22
-6.91 0.0 -7.22
-6.91 0.0 -7.23
-6.9 0.0 -7.24
-6.89 0.0 -7.25
-6.88 0.0 -7.25
-6.88 0.0 -7.26
-6.87 0.0 -7.27
-6.86 0.0 -7.27
-6.86 0.0 -7.28
-6.85 0.0 -7.29
-6.84 0.0 -7.29
-6.83 0.0 -7.3
-6.83 0.0 -7.31
-6.82 0.0 -7.31
-6.81 0.0 -7.32
-6.8 0.0 -7.33
-6.79 0.0 -7.34
-6.78 0.0 -7.35
-6.78 0.0 -7.36
-6.77 0.0 -7.36
-6.76 0.0 -7.37
-6.75 0.0 -7.38
-6.74 0.0 -7.39
-6.73 0.0 -7.4
-6.72 0.0 -7.4
-6.72 0.0 -7.41
-6.71 0.0 -7.42
-6.7 0.0 -7.42
-6.69 0.0 -7.43
-6.69 0.0 -7.44
-6.68 0.0 -7.44
-6.67 0.0 -7.45
-6.66 0.0 -7.46
-6.65 0.0 -7.47
-6.64 0.0 -7.48
-6.63 0.0 -7.48
-6.63 0.0 -7.49
-6.62 0.0 -7.5
-6.61 0.0 -7.5
-6.6 0.0 -7.51
-6.6 0.0 -7.52
-6.59 0.0 -7.52
-6.58 0.0 -7.53
-6.57 0.0 -7.54
-6.56 0.0 -7.55
-6.55 0.0 -7.55
-6.54 0.0 -7.56
-6.54 0.0 -7.57
-6.53 0.0 -7.57
-6.52 0.0 -7.58
-6.51 0.0 -7.59
-6.5 0.0 -7.6
-6.49 0.0 -7.61
-6.48 0.0 -7.61
-6.48 0.0 -7.62
-6.47 0.0 -7.63
-6.46 0.0 -7.63
-6.45 0.0 -7.64
-6.45 0.0 -7.65
-6.44 0.0 -7.65
-6.43 0.0 -7.66
-6.42 0.0 -7.67
-6.41 0.0 -7.67
-6.41 0.0 -7.68
-6.4 0.0 -7.68
-6.39 0.0 -7.69
-6.38 0.0 -7.7
-6.37 0.0 -7.71
-6.36 0.0 -7.72
-6.35 0.0 -7.72
-6.35 0.0 -7.73
-6.34 0.0 -7.74
-6.33 0.0 -7.74
-6.32 0.0 -7.75
-6.31 0.0 -7.75
-6.31 0.0 -7.76
-6.3 0.0 -7.77
-6.29 0.0 -7.77
-6.28 0.0 -7.78
-6.28 0.0 -7.79
-6.27 0.0 -7.79
-6.26 0.0 -7.8
-6.25 0.0 -7.8
-6.24 0.0 -7.81
-6.24 0.0 -7.82
-6.23 0.0 -7.82
-6.22 0.0 -7.83
-6.21 0.0 -7.84
-6.2 0.0 -7.85
-6.19 0.0 -7.85
-6.18 0.0 -7.86
-6.17 0.0 -7.87
-6.16 0.0 -7.88
-6.15 0.0 -7.89
-6.14 0.0 -7.89
-6.13 0.0 -7.9
-6.12 0.0 -7.91
-6.11 0.0 -7.92
-6.1 0.0 -7.92
-6.09 0.0 -7.93
-6.08 0.0 -7.94
-6.07 0.0 -7.95
-6.06 0.0 -7.95
-6.05 0.0 -7.96
-6.04 0.0 -7.97
-6.03 0.0 -7.98
-6.02 0.0 -7.98
-6.02 0.0 -7.99
-6.01 0.0 -7.99
-6.0 0.0 -8.0
-5.99 0.0 -8.01
-5.98 0.0 -8.01
-5.98 0.0 -8.02
-5.97 0.0 -8.02
-5.96 0.0 -8.03
-5.95 0.0 -8.04
-5.94 0.0 -8.04
-5.93 0.0 -8.05
-5.92 0.0 -8.06
-5.91 0.0 -8.07
-5.9 0.0 -8.07
-5.89 0.0 -8.08
-5.88 0.0 -8.09
-5.87 0.0 -8.1
-5.86 0.0 -8.1
-5.85 0.0 -8.11
-5.84 0.0 -8.12
-5.83 0.0 -8.12
-5.82 0.0 -8.13
-5.81 0.0 -8.14
-5.8 0.0 -8.15
-5.79 0.0 -8.15
-5.78 0.0 -8.16
-5.77 0.0 -8.17
-5.76 0.0 -8.17
-5.76 0.0 -8.18
-5.75 0.0 -8.18
-5.74 0.0 -8.19
-5.73 0.0 -8.19
-5.72 0.0 -8.2
-5.72 0.0 -8.21
-5.71 0.0 -8.21
-5.7 0.0 -8.22
-5.69 0.0 -8.22
-5.68 0.0 -8.23
-5.67 0.0 -8.23
-5.67 0.0 -8.24
-5.66 0.0 -8.25
-5.65 0.0 -8.25
-5.64 0.0 -8.26
-5.63 0.0 -8.26
-5.62 0.0 -8.27
-5.61 0.0 -8.28
-5.6 0.0 -8.28
-5.59 0.0 -8.29
-5.58 0.0 -8.3
-5.57 0.0 -8.31
-5.56 0.0 -8.31
-5.55 0.0 -8.32
-5.54 0.0 -8.32
-5.53 0.0 -8.33
-5.52 0.0 -8.34
-5.51 0.0 -8.35
-5.5 0.0 -8.35
-5.49 0.0 -8.36
-5.48 0.0 -8.36
-5.48 0.0 -8.37
-5.47 0.0 -8.37
-5.46 0.0 -8.38
-5.45 0.0 -8.38
-5.44 0.0 -8.39
-5.43 0.0 -8.4
-5.42 0.0 -8.4
-5.42 0.0 -8.41
-5.41 0.0 -8.41
-5.4 0.0 -8.42
-5.39 0.0 -8.42
-5.38 0.0 -8.43
-5.37 0.0 -8.43
-5.37 0.0 -8.44
-5.36 0.0 -8.44
-5.35 0.0 -8.45
-5.34 0.0 -8.45
-5.33 0.0 -8.46
-5.32 0.0 -8.47
-5.31 0.0 -8.48
-5.3 0.0 -8.48
-5.29 0.0 -8.49
-5.28 0.0 -8.49


-5.28 0.0 -8.49
-5.27 0.0 -8.5
-5.26 0.0 -8.5
-5.26 0.0 -8.51
-5.25 0.0 -8.51
-5.24 0.0 -8.52
-5.23 0.0 -8.52
-5.22 0.0 -8.53
-5.21 0.0 -8.53
-5.2 0.0 -8.54
-5.19 0.0 -8.55
-5.18 0.0 -8.55
-5.17 0.0 -8.56
-5.16 0.0 -8.56
-5.15 0.0 -8.57
-5.14 0.0 -8.58
-5.13 0.0 -8.59
-5.12 0.0 -8.59
-5.11 0.0 -8.6
-5.1 0.0 -8.6
-5.09 0.0 -8.61
-5.08 0.0 -8.61
-5.08 0.0 -8.62
-5.07 0.0 -8.62
-5.06 0.0 -8.63
-5.05 0.0 -8.63
-5.04 0.0 -8.64
-5.03 0.0 -8.64
-5.02 0.0 -8.65
-5.01 0.0 -8.66
-5.0 0.0 -8.66
-4.99 0.0 -8.67
-4.98 0.0 -8.67
-4.97 0.0 -8.68
-4.96 0.0 -8.68
-4.95 0.0 -8.69
-4.94 0.0 -8.7
-4.93 0.0 -8.7
-4.92 0.0 -8.71
-4.91 0.0 -8.71
-4.9 0.0 -8.72
-4.89 0.0 -8.72
-4.89 0.0 -8.73
-4.88 0.0 -8.73
-4.87 0.0 -8.74
-4.86 0.0 -8.74
-4.85 0.0 -8.75
-4.84 0.0 -8.75
-4.83 0.0 -8.75
-4.82 0.0 -8.76
-4.81 0.0 -8.77
-4.8 0.0 -8.77
-4.79 0.0 -8.78
-4.78 0.0 -8.78
-4.77 0.0 -8.79
-4.76 0.0 -8.79
-4.75 0.0 -8.8
-4.74 0.0 -8.8
-4.74 0.0 -8.81
-4.73 0.0 -8.81
-4.72 0.0 -8.82
-4.71 0.0 -8.82
-4.7 0.0 -8.83
-4.69 0.0 -8.83
-4.68 0.0 -8.84
-4.67 0.0 -8.84
-4.66 0.0 -8.85
-4.65 0.0 -8.85
-4.64 0.0 -8.86
-4.63 0.0 -8.86
-4.62 0.0 -8.87
-4.61 0.0 -8.87
-4.6 0.0 -8.88
-4.59 0.0 -8.88
-4.59 0.0 -8.89
-4.58 0.0 -8.89
-4.57 0.0 -8.9
-4.56 0.0 -8.9
-4.55 0.0 -8.9
-4.54 0.0 -8.91
-4.53 0.0 -8.91
-4.52 0.0 -8.92
-4.51 0.0 -8.92
-4.51 0.0 -8.93
-4.5 0.0 -8.93
-4.49 0.0 -8.94
-4.48 0.0 -8.94
-4.47 0.0 -8.95
-4.46 0.0 -8.95
-4.45 0.0 -8.95
-4.44 0.0 -8.96
-4.43 0.0 -8.96
-4.43 0.0 -8.97
-4.42 0.0 -8.97
-4.41 0.0 -8.98
-4.4 0.0 -8.98
-4.39 0.0 -8.99
-4.38 0.0 -8.99
-4.37 0.0 -8.99
-4.36 0.0 -9.0
-4.35 0.0 -9.0
-4.34 0.0 -9.01
-4.33 0.0 -9.02
-4.32 0.0 -9.02
-4.31 0.0 -9.02
-4.3 0.0 -9.03
-4.29 0.0 -9.03
-4.28 0.0 -9.04
-4.27 0.0 -9.04
-4.26 0.0 -9.05
-4.25 0.0 -9.05
-4.24 0.0 -9.05
-4.24 0.0 -9.06
-4.23 0.0 -9.06
-4.22 0.0 -9.07
-4.21 0.0 -9.07
-4.2 0.0 -9.08
-4.19 0.0 -9.08
-4.18 0.0 -9.08
-4.17 0.0 -9.09
-4.16 0.0 -9.09
-4.15 0.0 -9.1
-4.14 0.0 -9.1
-4.13 0.0 -9.11
-4.12 0.0 -9.11
-4.11 0.0 -9.12
-4.1 0.0 -9.12
-4.09 0.0 -9.13
-4.08 0.0 -9.13
-4.07 0.0 -9.13
-4.06 0.0 -9.14
-4.05 0.0 -9.14
-4.04 0.0 -9.15
-4.03 0.0 -9.15
-4.02 0.0 -9.16
-4.01 0.0 -9.16
-4.0 0.0 -9.17
-3.99 0.0 -9.17
-3.98 0.0 -9.17
-3.97 0.0 -9.18
-3.96 0.0 -9.18
-3.95 0.0 -9.19
-3.94 0.0 -9.19
-3.93 0.0 -9.19
-3.93 0.0 -9.2
-3.92 0.0 -9.2
-3.91 0.0 -9.21
-3.9 0.0 -9.21
-3.89 0.0 -9.21
-3.88 0.0 -9.22
-3.87 0.0 -9.22
-3.86 0.0 -9.22
-3.85 0.0 -9.23
-3.84 0.0 -9.23
-3.83 0.0 -9.24
-3.82 0.0 -9.24
-3.81 0.0 -9.24
-3.81 0.0 -9.25
-3.8 0.0 -9.25
-3.79 0.0 -9.26
-3.78 0.0 -9.26
-3.77 0.0 -9.26
-3.76 0.0 -9.27
-3.75 0.0 -9.27
-3.74 0.0 -9.27
-3.73 0.0 -9.28
-3.72 0.0 -9.28
-3.71 0.0 -9.29
-3.7 0.0 -9.29
-3.69 0.0 -9.29
-3.68 0.0 -9.3
-3.67 0.0 -9.3
-3.66 0.0 -9.31
-3.65 0.0 -9.31
-3.64 0.0 -9.31
-3.63 0.0 -9.32
-3.62 0.0 -9.32
-3.61 0.0 -9.33
-3.6 0.0 -9.33
-3.59 0.0 -9.33
-3.58 0.0 -9.34
-3.57 0.0 -9.34
-3.56 0.0 -9.34
-3.55 0.0 -9.35
-3.54 0.0 -9.35
-3.53 0.0 -9.36
-3.52 0.0 -9.36
-3.51 0.0 -9.36
-3.5 0.0 -9.37
-3.49 0.0 -9.37
-3.48 0.0 -9.38
-3.47 0.0 -9.38
-3.46 0.0 -9.38
-3.45 0.0 -9.39
-3.44 0.0 -9.39
-3.43 0.0 -9.39
-3.42 0.0 -9.4
-3.41 0.0 -9.4
-3.4 0.0 -9.4
-3.4 0.0 -9.41


-3.4 0.0 -9.41
-3.39 0.0 -9.41
-3.38 0.0 -9.41
-3.37 0.0 -9.42
-3.36 0.0 -9.42
-3.35 0.0 -9.42
-3.34 0.0 -9.43
-3.33 0.0 -9.43
-3.32 0.0 -9.43
-3.31 0.0 -9.44
-3.3 0.0 -9.44
-3.29 0.0 -9.44
-3.28 0.0 -9.45
-3.27 0.0 -9.45
-3.26 0.0 -9.45
-3.25 0.0 -9.46
-3.24 0.0 -9.46
-3.23 0.0 -9.46
-3.23 0.0 -9.47
-3.22 0.0 -9.47
-3.21 0.0 -9.47
-3.2 0.0 -9.48
-3.19 0.0 -9.48
-3.18 0.0 -9.48
-3.17 0.0 -9.48
-3.16 0.0 -9.49
-3.15 0.0 -9.49
-3.14 0.0 -9.49
-3.13 0.0 -9.5
-3.12 0.0 -9.5
-3.11 0.0 -9.5
-3.1 0.0 -9.51
-3.09 0.0 -9.51
-3.08 0.0 -9.51
-3.07 0.0 -9.52
-3.06 0.0 -9.52
-3.05 0.0 -9.52
-3.04 0.0 -9.53
-3.03 0.0 -9.53
-3.02 0.0 -9.53
-3.01 0.0 -9.54
-3.0 0.0 -9.54
-2.99 0.0 -9.54
-2.98 0.0 -9.55
-2.97 0.0 -9.55
-2.96 0.0 -9.55
-2.95 0.0 -9.56
-2.94 0.0 -9.56
-2.93 0.0 -9.56
-2.92 0.0 -9.56
-2.91 0.0 -9.57
-2.9 0.0 -9.57
-2.89 0.0 -9.57
-2.88 0.0 -9.58
-2.87 0.0 -9.58
-2.86 0.0 -9.58
-2.85 0.0 -9.58
-2.84 0.0 -9.59
-2.83 0.0 -9.59
-2.82 0.0 -9.59
-2.82 0.0 -9.6
-2.81 0.0 -9.6
-2.8 0.0 -9.6
-2.79 0.0 -9.6
-2.78 0.0 -9.61
-2.77 0.0 -9.61
-2.76 0.0 -9.61
-2.75 0.0 -9.61
-2.74 0.0 -9.62
-2.73 0.0 -9.62
-2.72 0.0 -9.62
-2.71 0.0 -9.63
-2.7 0.0 -9.63
-2.69 0.0 -9.63
-2.68 0.0 -9.63
-2.67 0.0 -9.64
-2.66 0.0 -9.64
-2.65 0.0 -9.64
-2.64 0.0 -9.64
-2.63 0.0 -9.65
-2.62 0.0 -9.65
-2.61 0.0 -9.65
-2.6 0.0 -9.66
-2.59 0.0 -9.66
-2.58 0.0 -9.66
-2.57 0.0 -9.66
-2.56 0.0 -9.67
-2.55 0.0 -9.67
-2.54 0.0 -9.67
-2.53 0.0 -9.68
-2.52 0.0 -9.68
-2.51 0.0 -9.68
-2.5 0.0 -9.68
-2.49 0.0 -9.69
-2.48 0.0 -9.69
-2.47 0.0 -9.69
-2.46 0.0 -9.69
-2.45 0.0 -9.7
-2.44 0.0 -9.7
-2.43 0.0 -9.7
-2.42 0.0 -9.7
-2.41 0.0 -9.71
-2.4 0.0 -9.71
-2.39 0.0 -9.71
-2.38 0.0 -9.71
-2.37 0.0 -9.71
-2.36 0.0 -9.72
-2.35 0.0 -9.72
-2.34 0.0 -9.72
-2.33 0.0 -9.72
-2.32 0.0 -9.73
-2.31 0.0 -9.73
-2.3 0.0 -9.73
-2.29 0.0 -9.73
-2.28 0.0 -9.74
-2.27 0.0 -9.74
-2.26 0.0 -9.74
-2.25 0.0 -9.74
-2.24 0.0 -9.74
-2.23 0.0 -9.75
-2.22 0.0 -9.75
-2.21 0.0 -9.75
-2.2 0.0 -9.76
-2.19 0.0 -9.76
-2.18 0.0 -9.76
-2.17 0.0 -9.76
-2.16 0.0 -9.76
-2.15 0.0 -9.77
-2.14 0.0 -9.77
-2.13 0.0 -9.77
-2.12 0.0 -9.77
-2.11 0.0 -9.78
-2.1 0.0 -9.78
-2.09 0.0 -9.78
-2.08 0.0 -9.78
-2.07 0.0 -9.78
-2.06 0.0 -9.79
-2.05 0.0 -9.79
-2.04 0.0 -9.79
-2.03 0.0 -9.79
-2.02 0.0 -9.79
-2.01 0.0 -9.8
-2.0 0.0 -9.8
-1.99 0.0 -9.8
-1.98 0.0 -9.8
-1.97 0.0 -9.8
-1.96 0.0 -9.81
-1.95 0.0 -9.81
-1.94 0.0 -9.81
-1.93 0.0 -9.81
-1.92 0.0 -9.81
-1.91 0.0 -9.82
-1.9 0.0 -9.82
-1.89 0.0 -9.82
-1.88 0.0 -9.82
-1.87 0.0 -9.82
-1.86 0.0 -9.82
-1.85 0.0 -9.83
-1.84 0.0 -9.83
-1.83 0.0 -9.83
-1.82 0.0 -9.83
-1.81 0.0 -9.83
-1.8 0.0 -9.84
-1.79 0.0 -9.84
-1.78 0.0 -9.84
-1.77 0.0 -9.84
-1.76 0.0 -9.84
-1.75 0.0 -9.84
-1.74 0.0 -9.85
-1.73 0.0 -9.85
-1.72 0.0 -9.85
-1.71 0.0 -9.85
-1.7 0.0 -9.86
-1.69 0.0 -9.86
-1.68 0.0 -9.86
-1.67 0.0 -9.86
-1.66 0.0 -9.86
-1.65 0.0 -9.86
-1.64 0.0 -9.87
-1.63 0.0 -9.87
-1.62 0.0 -9.87
-1.61 0.0 -9.87
-1.6 0.0 -9.87
-1.59 0.0 -9.87
-1.58 0.0 -9.87
-1.57 0.0 -9.88
-1.56 0.0 -9.88
-1.55 0.0 -9.88
-1.54 0.0 -9.88
-1.53 0.0 -9.88
-1.52 0.0 -9.88
-1.51 0.0 -9.89
-1.5 0.0 -9.89
-1.49 0.0 -9.89
-1.48 0.0 -9.89
-1.47 0.0 -9.89
-1.46 0.0 -9.89
-1.45 0.0 -9.89
-1.44 0.0 -9.9
-1.43 0.0 -9.9


-1.43 0.0 -9.9
-1.42 0.0 -9.9
-1.41 0.0 -9.9
-1.4 0.0 -9.9
-1.39 0.0 -9.9
-1.38 0.0 -9.9
-1.37 0.0 -9.91
-1.36 0.0 -9.91
-1.35 0.0 -9.91
-1.34 0.0 -9.91
-1.33 0.0 -9.91
-1.32 0.0 -9.91
-1.31 0.0 -9.91
-1.3 0.0 -9.92
-1.29 0.0 -9.92
-1.28 0.0 -9.92
-1.27 0.0 -9.92
-1.26 0.0 -9.92
-1.25 0.0 -9.92
-1.24 0.0 -9.92
-1.23 0.0 -9.92
-1.22 0.0 -9.93
-1.21 0.0 -9.93
-1.2 0.0 -9.93
-1.19 0.0 -9.93
-1.18 0.0 -9.93
-1.17 0.0 -9.93
-1.16 0.0 -9.93
-1.15 0.0 -9.93
-1.14 0.0 -9.93
-1.13 0.0 -9.94
-1.12 0.0 -9.94
-1.11 0.0 -9.94
-1.1 0.0 -9.94
-1.09 0.0 -9.94
-1.08 0.0 -9.94
-1.07 0.0 -9.94
-1.06 0.0 -9.94
-1.05 0.0 -9.94
-1.04 0.0 -9.95
-1.03 0.0 -9.95
-1.02 0.0 -9.95
-1.01 0.0 -9.95
-1.0 0.0 -9.95
-0.99 0.0 -9.95
-0.98 0.0 -9.95
-0.97 0.0 -9.95
-0.96 0.0 -9.95
-0.95 0.0 -9.95
-0.94 0.0 -9.96
-0.93 0.0 -9.96
-0.92 0.0 -9.96
-0.91 0.0 -9.96
-0.9 0.0 -9.96
-0.89 0.0 -9.96
-0.88 0.0 -9.96
-0.87 0.0 -9.96
-0.86 0.0 -9.96
-0.85 0.0 -9.96
-0.84 0.0 -9.96
-0.83 0.0 -9.97
-0.82 0.0 -9.97
-0.81 0.0 -9.97
-0.8 0.0 -9.97
-0.79 0.0 -9.97
-0.78 0.0 -9.97
-0.77 0.0 -9.97
-0.76 0.0 -9.97
-0.75 0.0 -9.97
-0.74 0.0 -9.97
-0.73 0.0 -9.97
-0.72 0.0 -9.97
-0.71 0.0 -9.97
-0.7 0.0 -9.98
-0.69 0.0 -9.98
-0.68 0.0 -9.98
-0.67 0.0 -9.98
-0.66 0.0 -9.98
-0.65 0.0 -9.98
-0.64 0.0 -9.98
-0.63 0.0 -9.98
-0.62 0.0 -9.98
-0.61 0.0 -9.98
-0.6 0.0 -9.98
-0.59 0.0 -9.98
-0.58 0.0 -9.98
-0.57 0.0 -9.98
-0.56 0.0 -9.98
-0.55 0.0 -9.98
-0.54 0.0 -9.99
-0.53 0.0 -9.99
-0.52 0.0 -9.99
-0.51 0.0 -9.99
-0.5 0.0 -9.99
-0.49 0.0 -9.99
-0.48 0.0 -9.99
-0.47 0.0 -9.99
-0.46 0.0 -9.99
-0.45 0.0 -9.99
-0.44 0.0 -9.99
-0.43 0.0 -9.99
-0.42 0.0 -9.99
-0.41 0.0 -9.99
-0.4 0.0 -9.99
-0.39 0.0 -9.99
-0.38 0.0 -9.99
-0.37 0.0 -9.99
-0.36 0.0 -9.99
-0.35 0.0 -9.99
-0.34 0.0 -9.99
-0.33 0.0 -9.99
-0.32 0.0 -9.99
-0.31 0.0 -10.0
-0.3 0.0 -10.0
-0.29 0.0 -10.0
-0.28 0.0 -10.0
-0.27 0.0 -10.0
-0.26 0.0 -10.0
-0.25 0.0 -10.0
-0.24 0.0 -10.0
-0.23 0.0 -10.0
-0.22 0.0 -10.0
-0.21 0.0 -10.0
-0.2 0.0 -10.0
-0.19 0.0 -10.0
-0.18 0.0 -10.0
-0.17 0.0 -10.0
-0.16 0.0 -10.0
-0.15 0.0 -10.0
-0.14 0.0 -10.0
-0.13 0.0 -10.0
-0.12 0.0 -10.0
-0.11 0.0 -10.0
-0.1 0.0 -10.0
-0.09 0.0 -10.0
-0.08 0.0 -10.0
-0.07 0.0 -10.0
-0.06 0.0 -10.0
-0.05 0.0 -10.0
-0.04 0.0 -10.0
-0.03 0.0 -10.0
-0.02 0.0 -10.0
-0.01 0.0 -10.0
-0.0 0.0 -10.0
0.01 0.0 -10.0
0.02 0.0 -10.0
0.03 0.0 -10.0
0.04 0.0 -10.0
0.05 0.0 -10.0
0.06 0.0 -10.0
0.07 0.0 -10.0
0.08 0.0 -10.0
0.09 0.0 -10.0
0.1 0.0 -10.0
0.11 0.0 -10.0
0.12 0.0 -10.0
0.13 0.0 -10.0
0.14 0.0 -10.0
0.15 0.0 -10.0
0.16 0.0 -10.0
0.17 0.0 -10.0
0.18 0.0 -10.0
0.19 0.0 -10.0
0.2 0.0 -10.0
0.21 0.0 -10.0
0.22 0.0 -10.0
0.23 0.0 -10.0
0.24 0.0 -10.0
0.25 0.0 -10.0
0.26 0.0 -10.0
0.27 0.0 -10.0
0.28 0.0 -10.0
0.29 0.0 -10.0
0.3 0.0 -10.0
0.31 0.0 -10.0
0.32 0.0 -10.0
0.33 0.0 -9.99
0.34 0.0 -9.99
0.35 0.0 -9.99
0.36 0.0 -9.99
0.37 0.0 -9.99
0.38 0.0 -9.99
0.39 0.0 -9.99
0.4 0.0 -9.99
0.41 0.0 -9.99
0.42 0.0 -9.99
0.43 0.0 -9.99
0.44 0.0 -9.99
0.45 0.0 -9.99
0.46 0.0 -9.99
0.47 0.0 -9.99
0.48 0.0 -9.99
0.49 0.0 -9.99
0.5 0.0 -9.99
0.51 0.0 -9.99
0.52 0.0 -9.99
0.53 0.0 -9.99
0.54 0.0 -9.99
0.55 0.0 -9.99
0.56 0.0 -9.98


0.56 0.0 -9.98
0.57 0.0 -9.98
0.58 0.0 -9.98
0.59 0.0 -9.98
0.6 0.0 -9.98
0.61 0.0 -9.98
0.62 0.0 -9.98
0.63 0.0 -9.98
0.64 0.0 -9.98
0.65 0.0 -9.98
0.66 0.0 -9.98
0.67 0.0 -9.98
0.68 0.0 -9.98
0.69 0.0 -9.98
0.7 0.0 -9.98
0.71 0.0 -9.98
0.72 0.0 -9.97
0.73 0.0 -9.97
0.74 0.0 -9.97
0.75 0.0 -9.97
0.76 0.0 -9.97
0.77 0.0 -9.97
0.78 0.0 -9.97
0.79 0.0 -9.97
0.8 0.0 -9.97
0.81 0.0 -9.97
0.82 0.0 -9.97
0.83 0.0 -9.97
0.84 0.0 -9.97
0.85 0.0 -9.96
0.86 0.0 -9.96
0.87 0.0 -9.96
0.88 0.0 -9.96
0.89 0.0 -9.96
0.9 0.0 -9.96
0.91 0.0 -9.96
0.92 0.0 -9.96
0.93 0.0 -9.96
0.94 0.0 -9.96
0.95 0.0 -9.95
0.96 0.0 -9.95
0.97 0.0 -9.95
0.98 0.0 -9.95
0.99 0.0 -9.95
1.0 0.0 -9.95
1.01 0.0 -9.95
1.02 0.0 -9.95
1.03 0.0 -9.95
1.04 0.0 -9.95
1.05 0.0 -9.94
1.06 0.0 -9.94
1.07 0.0 -9.94
1.08 0.0 -9.94
1.09 0.0 -9.94
1.1 0.0 -9.94
1.11 0.0 -9.94
1.12 0.0 -9.94
1.13 0.0 -9.94
1.14 0.0 -9.93
1.15 0.0 -9.93
1.16 0.0 -9.93
1.17 0.0 -9.93
1.18 0.0 -9.93
1.19 0.0 -9.93
1.2 0.0 -9.93
1.21 0.0 -9.93
1.22 0.0 -9.92
1.23 0.0 -9.92
1.24 0.0 -9.92
1.25 0.0 -9.92
1.26 0.0 -9.92
1.27 0.0 -9.92
1.28 0.0 -9.92
1.29 0.0 -9.92
1.3 0.0 -9.91
1.31 0.0 -9.91
1.32 0.0 -9.91
1.33 0.0 -9.91
1.34 0.0 -9.91
1.35 0.0 -9.91
1.36 0.0 -9.91
1.37 0.0 -9.91
1.38 0.0 -9.9
1.39 0.0 -9.9
1.4 0.0 -9.9
1.41 0.0 -9.9
1.42 0.0 -9.9
1.43 0.0 -9.9
1.44 0.0 -9.9
1.45 0.0 -9.89
1.46 0.0 -9.89
1.47 0.0 -9.89
1.48 0.0 -9.89
1.49 0.0 -9.89
1.5 0.0 -9.89
1.51 0.0 -9.89
1.52 0.0 -9.88
1.53 0.0 -9.88
1.54 0.0 -9.88
1.55 0.0 -9.88
1.56 0.0 -9.88
1.57 0.0 -9.88
1.58 0.0 -9.87
1.59 0.0 -9.87
1.6 0.0 -9.87
1.61 0.0 -9.87
1.62 0.0 -9.87
1.63 0.0 -9.87
1.64 0.0 -9.86
1.65 0.0 -9.86
1.66 0.0 -9.86
1.67 0.0 -9.86
1.68 0.0 -9.86
1.69 0.0 -9.86
1.7 0.0 -9.85
1.71 0.0 -9.85
1.72 0.0 -9.85
1.73 0.0 -9.85
1.74 0.0 -9.85
1.75 0.0 -9.85
1.76 0.0 -9.84
1.77 0.0 -9.84
1.78 0.0 -9.84
1.79 0.0 -9.84
1.8 0.0 -9.84
1.81 0.0 -9.84
1.82 0.0 -9.83
1.83 0.0 -9.83
1.84 0.0 -9.83
1.85 0.0 -9.83
1.86 0.0 -9.83
1.87 0.0 -9.82
1.88 0.0 -9.82
1.89 0.0 -9.82
1.9 0.0 -9.82
1.91 0.0 -9.82
1.92 0.0 -9.81
1.93 0.0 -9.81
1.94 0.0 -9.81
1.95 0.0 -9.81
1.96 0.0 -9.81
1.97 0.0 -9.8
1.98 0.0 -9.8
1.99 0.0 -9.8
2.0 0.0 -9.8
2.01 0.0 -9.8
2.02 0.0 -9.79
2.03 0.0 -9.79
2.04 0.0 -9.79
2.05 0.0 -9.79
2.06 0.0 -9.79
2.07 0.0 -9.78
2.08 0.0 -9.78
2.09 0.0 -9.78
2.1 0.0 -9.78
2.11 0.0 -9.77
2.12 0.0 -9.77
2.13 0.0 -9.77
2.14 0.0 -9.77
2.15 0.0 -9.77
2.16 0.0 -9.76
2.17 0.0 -9.76
2.18 0.0 -9.76
2.19 0.0 -9.76
2.2 0.0 -9.76
2.21 0.0 -9.75
2.22 0.0 -9.75
2.23 0.0 -9.75
2.24 0.0 -9.75
2.25 0.0 -9.74
2.26 0.0 -9.74
2.27 0.0 -9.74
2.28 0.0 -9.74
2.29 0.0 -9.74
2.3 0.0 -9.73
2.31 0.0 -9.73
2.32 0.0 -9.73
2.33 0.0 -9.72
2.34 0.0 -9.72
2.35 0.0 -9.72
2.36 0.0 -9.72
2.37 0.0 -9.71
2.38 0.0 -9.71
2.39 0.0 -9.71
2.4 0.0 -9.71
2.41 0.0 -9.7
2.42 0.0 -9.7
2.43 0.0 -9.7
2.44 0.0 -9.7
2.45 0.0 -9.7
2.46 0.0 -9.69
2.47 0.0 -9.69
2.48 0.0 -9.69
2.49 0.0 -9.69
2.5 0.0 -9.68
2.51 0.0 -9.68
2.52 0.0 -9.68
2.53 0.0 -9.68
2.54 0.0 -9.67
2.55 0.0 -9.67


2.55 0.0 -9.67
2.56 0.0 -9.67
2.57 0.0 -9.66
2.58 0.0 -9.66
2.59 0.0 -9.66
2.6 0.0 -9.66
2.61 0.0 -9.65
2.62 0.0 -9.65
2.63 0.0 -9.65
2.64 0.0 -9.64
2.65 0.0 -9.64
2.66 0.0 -9.64
2.67 0.0 -9.64
2.68 0.0 -9.63
2.69 0.0 -9.63
2.7 0.0 -9.63
2.71 0.0 -9.63
2.72 0.0 -9.62
2.73 0.0 -9.62
2.74 0.0 -9.62
2.75 0.0 -9.61
2.76 0.0 -9.61
2.77 0.0 -9.61
2.78 0.0 -9.61
2.79 0.0 -9.6
2.8 0.0 -9.6
2.81 0.0 -9.6
2.82 0.0 -9.59
2.83 0.0 -9.59
2.84 0.0 -9.59
2.85 0.0 -9.59
2.86 0.0 -9.58
2.87 0.0 -9.58
2.88 0.0 -9.57
2.89 0.0 -9.57
2.9 0.0 -9.57
2.91 0.0 -9.57
2.92 0.0 -9.56
2.93 0.0 -9.56
2.94 0.0 -9.56
2.95 0.0 -9.55
2.96 0.0 -9.55
2.97 0.0 -9.55
2.98 0.0 -9.55
2.99 0.0 -9.54
3.0 0.0 -9.54
3.01 0.0 -9.54
3.02 0.0 -9.53
3.03 0.0 -9.53
3.04 0.0 -9.53
3.05 0.0 -9.52
3.06 0.0 -9.52
3.07 0.0 -9.52
3.08 0.0 -9.52
3.08 0.0 -9.51
3.09 0.0 -9.51
3.1 0.0 -9.51
3.11 0.0 -9.5
3.12 0.0 -9.5
3.13 0.0 -9.5
3.14 0.0 -9.49
3.15 0.0 -9.49
3.16 0.0 -9.49
3.17 0.0 -9.48
3.18 0.0 -9.48
3.19 0.0 -9.48
3.2 0.0 -9.47
3.21 0.0 -9.47
3.22 0.0 -9.47
3.23 0.0 -9.46
3.24 0.0 -9.46
3.25 0.0 -9.46
3.26 0.0 -9.46
3.27 0.0 -9.45
3.28 0.0 -9.45
3.29 0.0 -9.44
3.3 0.0 -9.44
3.31 0.0 -9.44
3.32 0.0 -9.43
3.33 0.0 -9.43
3.34 0.0 -9.43
3.35 0.0 -9.42
3.36 0.0 -9.42
3.37 0.0 -9.42
3.38 0.0 -9.41
3.39 0.0 -9.41
3.4 0.0 -9.41
3.41 0.0 -9.4
3.42 0.0 -9.4
3.43 0.0 -9.4
3.43 0.0 -9.39
3.44 0.0 -9.39
3.45 0.0 -9.38
3.46 0.0 -9.38
3.47 0.0 -9.38
3.48 0.0 -9.37
3.49 0.0 -9.37
3.5 0.0 -9.37
3.51 0.0 -9.36
3.52 0.0 -9.36
3.53 0.0 -9.36
3.54 0.0 -9.35
3.55 0.0 -9.35
3.56 0.0 -9.35
3.57 0.0 -9.34
3.58 0.0 -9.34
3.59 0.0 -9.33
3.6 0.0 -9.33
3.61 0.0 -9.32
3.62 0.0 -9.32
3.63 0.0 -9.32
3.64 0.0 -9.31
3.65 0.0 -9.31
3.66 0.0 -9.31
3.67 0.0 -9.3
3.68 0.0 -9.3
3.69 0.0 -9.3
3.7 0.0 -9.29
3.71 0.0 -9.29
3.71 0.0 -9.28
3.72 0.0 -9.28
3.73 0.0 -9.28
3.74 0.0 -9.27
3.75 0.0 -9.27
3.76 0.0 -9.27
3.77 0.0 -9.26
3.78 0.0 -9.26
3.79 0.0 -9.25
3.8 0.0 -9.25
3.81 0.0 -9.25
3.82 0.0 -9.24
3.83 0.0 -9.24
3.84 0.0 -9.24
3.84 0.0 -9.23
3.85 0.0 -9.23
3.86 0.0 -9.22
3.87 0.0 -9.22
3.88 0.0 -9.22
3.89 0.0 -9.21
3.9 0.0 -9.21
3.91 0.0 -9.2
3.92 0.0 -9.2
3.93 0.0 -9.2
3.94 0.0 -9.19
3.95 0.0 -9.19
3.95 0.0 -9.18
3.96 0.0 -9.18
3.97 0.0 -9.18
3.98 0.0 -9.17
3.99 0.0 -9.17
4.0 0.0 -9.16
4.01 0.0 -9.16
4.02 0.0 -9.16
4.03 0.0 -9.15
4.04 0.0 -9.15
4.05 0.0 -9.14
4.06 0.0 -9.14
4.07 0.0 -9.13
4.08 0.0 -9.13
4.09 0.0 -9.12
4.1 0.0 -9.12
4.11 0.0 -9.12
4.12 0.0 -9.11
4.13 0.0 -9.11
4.14 0.0 -9.1
4.15 0.0 -9.1
4.16 0.0 -9.1
4.17 0.0 -9.09
4.18 0.0 -9.08
4.19 0.0 -9.08
4.2 0.0 -9.07
4.21 0.0 -9.07
4.22 0.0 -9.07
4.23 0.0 -9.06
4.24 0.0 -9.06
4.25 0.0 -9.05
4.26 0.0 -9.05
4.26 0.0 -9.04
4.27 0.0 -9.04
4.28 0.0 -9.04
4.29 0.0 -9.03
4.3 0.0 -9.03
4.31 0.0 -9.02
4.32 0.0 -9.02
4.33 0.0 -9.01
4.34 0.0 -9.01
4.35 0.0 -9.01
4.36 0.0 -9.0
4.37 0.0 -8.99
4.38 0.0 -8.99
4.39 0.0 -8.98
4.4 0.0 -8.98
4.41 0.0 -8.98
4.42 0.0 -8.97
4.43 0.0 -8.97
4.44 0.0 -8.96
4.45 0.0 -8.95
4.46 0.0 -8.95
4.47 0.0 -8.94
4.48 0.0 -8.94


4.48 0.0 -8.94
4.49 0.0 -8.94
4.5 0.0 -8.93
4.51 0.0 -8.93
4.52 0.0 -8.92
4.53 0.0 -8.92
4.53 0.0 -8.91
4.54 0.0 -8.91
4.55 0.0 -8.9
4.56 0.0 -8.9
4.57 0.0 -8.89
4.58 0.0 -8.89
4.59 0.0 -8.89
4.6 0.0 -8.88
4.61 0.0 -8.88
4.61 0.0 -8.87
4.62 0.0 -8.87
4.63 0.0 -8.86
4.64 0.0 -8.86
4.65 0.0 -8.85
4.66 0.0 -8.85
4.67 0.0 -8.84
4.68 0.0 -8.84
4.69 0.0 -8.83
4.7 0.0 -8.83
4.71 0.0 -8.82
4.72 0.0 -8.82
4.73 0.0 -8.81
4.74 0.0 -8.81
4.75 0.0 -8.8
4.76 0.0 -8.8
4.76 0.0 -8.79
4.77 0.0 -8.79
4.78 0.0 -8.78
4.79 0.0 -8.78
4.8 0.0 -8.77
4.81 0.0 -8.77
4.82 0.0 -8.76
4.83 0.0 -8.76
4.83 0.0 -8.75
4.84 0.0 -8.75
4.85 0.0 -8.74
4.86 0.0 -8.74
4.87 0.0 -8.73
4.88 0.0 -8.73
4.89 0.0 -8.72
4.9 0.0 -8.72
4.9 0.0 -8.71
4.91 0.0 -8.71
4.92 0.0 -8.7
4.93 0.0 -8.7
4.94 0.0 -8.69
4.95 0.0 -8.69
4.96 0.0 -8.69
4.97 0.0 -8.68
4.98 0.0 -8.67
4.99 0.0 -8.67
5.0 0.0 -8.66
5.01 0.0 -8.66
5.02 0.0 -8.65
5.03 0.0 -8.65
5.03 0.0 -8.64
5.04 0.0 -8.64
5.05 0.0 -8.63
5.06 0.0 -8.62
5.07 0.0 -8.62
5.08 0.0 -8.61
5.09 0.0 -8.61
5.1 0.0 -8.6
5.11 0.0 -8.59
5.12 0.0 -8.59
5.13 0.0 -8.58
5.14 0.0 -8.58
5.15 0.0 -8.57
5.16 0.0 -8.57
5.16 0.0 -8.56
5.17 0.0 -8.56
5.18 0.0 -8.55
5.19 0.0 -8.55
5.2 0.0 -8.54
5.21 0.0 -8.54
5.22 0.0 -8.53
5.23 0.0 -8.52
5.24 0.0 -8.52
5.25 0.0 -8.51
5.26 0.0 -8.51
5.27 0.0 -8.5
5.28 0.0 -8.49
5.29 0.0 -8.49
5.3 0.0 -8.48
5.31 0.0 -8.47
5.32 0.0 -8.47
5.33 0.0 -8.46
5.34 0.0 -8.45
5.35 0.0 -8.45
5.36 0.0 -8.44
5.37 0.0 -8.44
5.38 0.0 -8.43
5.39 0.0 -8.42
5.4 0.0 -8.42
5.41 0.0 -8.41
5.42 0.0 -8.4
5.43 0.0 -8.4
5.44 0.0 -8.39
5.45 0.0 -8.38
5.46 0.0 -8.38
5.47 0.0 -8.37
5.48 0.0 -8.37
5.49 0.0 -8.36
5.5 0.0 -8.35
5.51 0.0 -8.34
5.52 0.0 -8.34
5.53 0.0 -8.33
5.54 0.0 -8.33
5.54 0.0 -8.32
5.55 0.0 -8.32
5.56 0.0 -8.31
5.57 0.0 -8.31
5.58 0.0 -8.3
5.59 0.0 -8.29
5.6 0.0 -8.28
5.61 0.0 -8.28
5.62 0.0 -8.27
5.63 0.0 -8.27
5.63 0.0 -8.26
5.64 0.0 -8.26
5.65 0.0 -8.25
5.66 0.0 -8.24
5.67 0.0 -8.24
5.68 0.0 -8.23
5.69 0.0 -8.22
5.7 0.0 -8.22
5.71 0.0 -8.21
5.72 0.0 -8.2
5.73 0.0 -8.2
5.73 0.0 -8.19
5.74 0.0 -8.19
5.75 0.0 -8.18
5.76 0.0 -8.18
5.77 0.0 -8.17
5.77 0.0 -8.16
5.78 0.0 -8.16
5.79 0.0 -8.15
5.8 0.0 -8.15
5.81 0.0 -8.14
5.82 0.0 -8.14
5.82 0.0 -8.13
5.83 0.0 -8.12
5.84 0.0 -8.12
5.85 0.0 -8.11
5.86 0.0 -8.11
5.86 0.0 -8.1
5.87 0.0 -8.09
5.88 0.0 -8.09
5.89 0.0 -8.08
5.9 0.0 -8.08
5.9 0.0 -8.07
5.91 0.0 -8.06
5.92 0.0 -8.06
5.93 0.0 -8.05
5.94 0.0 -8.05
5.94 0.0 -8.04
5.95 0.0 -8.04
5.96 0.0 -8.03
5.97 0.0 -8.02
5.98 0.0 -8.02
5.98 0.0 -8.01
5.99 0.0 -8.01
6.0 0.0 -8.0
6.01 0.0 -7.99
6.02 0.0 -7.99
6.02 0.0 -7.98
6.03 0.0 -7.98
6.04 0.0 -7.97
6.05 0.0 -7.96
6.06 0.0 -7.96
6.06 0.0 -7.95
6.07 0.0 -7.95
6.08 0.0 -7.94
6.09 0.0 -7.93
6.1 0.0 -7.93
6.1 0.0 -7.92
6.11 0.0 -7.91
6.12 0.0 -7.91
6.13 0.0 -7.9
6.14 0.0 -7.9
6.14 0.0 -7.89
6.15 0.0 -7.88
6.16 0.0 -7.88
6.17 0.0 -7.87
6.18 0.0 -7.87
6.18 0.0 -7.86
6.19 0.0 -7.85
6.2 0.0 -7.85
6.21 0.0 -7.84
6.21 0.0 -7.83
6.22 0.0 -7.83
6.23 0.0 -7.82
6.24 0.0 -7.82
6.25 0.0 -7.81


6.25 0.0 -7.81
6.25 0.0 -7.8
6.26 0.0 -7.8
6.27 0.0 -7.79
6.28 0.0 -7.78
6.29 0.0 -7.77
6.3 0.0 -7.77
6.31 0.0 -7.76
6.32 0.0 -7.75
6.33 0.0 -7.74
6.34 0.0 -7.73
6.35 0.0 -7.73
6.35 0.0 -7.72
6.36 0.0 -7.71
6.37 0.0 -7.71
6.38 0.0 -7.7
6.39 0.0 -7.7
6.39 0.0 -7.69
6.4 0.0 -7.68
6.41 0.0 -7.68
6.42 0.0 -7.67
6.42 0.0 -7.66
6.43 0.0 -7.66
6.44 0.0 -7.65
6.45 0.0 -7.64
6.46 0.0 -7.63
6.47 0.0 -7.63
6.48 0.0 -7.62
6.48 0.0 -7.61
6.49 0.0 -7.61
6.5 0.0 -7.6
6.51 0.0 -7.59
6.52 0.0 -7.59
6.52 0.0 -7.58
6.53 0.0 -7.57
6.54 0.0 -7.57
6.55 0.0 -7.56
6.55 0.0 -7.55
6.56 0.0 -7.55
6.57 0.0 -7.54
6.58 0.0 -7.53
6.59 0.0 -7.52
6.6 0.0 -7.51
6.61 0.0 -7.51
6.61 0.0 -7.5
6.62 0.0 -7.49
6.63 0.0 -7.49
6.64 0.0 -7.48
6.64 0.0 -7.47
6.65 0.0 -7.47
6.66 0.0 -7.46
6.67 0.0 -7.45
6.68 0.0 -7.44
6.69 0.0 -7.43
6.7 0.0 -7.43
6.7 0.0 -7.42
6.71 0.0 -7.41
6.72 0.0 -7.41
6.73 0.0 -7.4
6.73 0.0 -7.39
6.74 0.0 -7.39
6.75 0.0 -7.38
6.75 0.0 -7.37
6.76 0.0 -7.37
6.77 0.0 -7.36
6.78 0.0 -7.35
6.79 0.0 -7.34
6.8 0.0 -7.33
6.81 0.0 -7.33
6.81 0.0 -7.32
6.82 0.0 -7.31
6.83 0.0 -7.31
6.84 0.0 -7.3
6.84 0.0 -7.29
6.85 0.0 -7.29
6.86 0.0 -7.28
6.86 0.0 -7.27
6.87 0.0 -7.26
6.88 0.0 -7.26
6.89 0.0 -7.25
6.89 0.0 -7.24
6.9 0.0 -7.24
6.91 0.0 -7.23
6.92 0.0 -7.22
6.93 0.0 -7.21
6.94 0.0 -7.2
6.95 0.0 -7.19
6.96 0.0 -7.18
6.97 0.0 -7.17
6.98 0.0 -7.16
6.99 0.0 -7.15
7.0 0.0 -7.14
7.01 0.0 -7.13
7.02 0.0 -7.13
7.02 0.0 -7.12
7.03 0.0 -7.11
7.04 0.0 -7.1
7.05 0.0 -7.09
7.06 0.0 -7.08
7.07 0.0 -7.08
7.07 0.0 -7.07
7.08 0.0 -7.06
7.09 0.0 -7.06
7.09 0.0 -7.05
7.1 0.0 -7.04
7.11 0.0 -7.03
7.12 0.0 -7.02
7.13 0.0 -7.01
7.14 0.0 -7.01
7.14 0.0 -7.0
7.15 0.0 -6.99
7.16 0.0 -6.98
7.17 0.0 -6.97
7.18 0.0 -6.96
7.19 0.0 -6.95
7.2 0.0 -6.94
7.21 0.0 -6.93
7.22 0.0 -6.92
7.23 0.0 -6.91
7.24 0.0 -6.9
7.25 0.0 -6.89
7.25 0.0 -6.88
7.26 0.0 -6.88
7.27 0.0 -6.87
7.27 0.0 -6.86
7.28 0.0 -6.85
7.29 0.0 -6.85
7.3 0.0 -6.84
7.3 0.0 -6.83
7.31 0.0 -6.83
7.32 0.0 -6.82
7.32 0.0 -6.81
7.33 0.0 -6.8
7.34 0.0 -6.8
7.34 0.0 -6.79
7.35 0.0 -6.78
7.36 0.0 -6.77
7.37 0.0 -6.76
7.38 0.0 -6.75
7.38 0.0 -6.74
7.39 0.0 -6.74
7.4 0.0 -6.73
7.4 0.0 -6.72
7.41 0.0 -6.71
7.42 0.0 -6.71
7.42 0.0 -6.7
7.43 0.0 -6.69
7.44 0.0 -6.68
7.45 0.0 -6.67
7.46 0.0 -6.66
7.47 0.0 -6.65
7.48 0.0 -6.64
7.48 0.0 -6.63
7.49 0.0 -6.63
7.5 0.0 -6.62
7.5 0.0 -6.61
7.51 0.0 -6.6
7.52 0.0 -6.6
7.52 0.0 -6.59
7.53 0.0 -6.58
7.54 0.0 -6.57
7.55 0.0 -6.56
7.56 0.0 -6.55
7.56 0.0 -6.54
7.57 0.0 -6.53
7.58 0.0 -6.53
7.58 0.0 -6.52
7.59 0.0 -6.51
7.6 0.0 -6.5
7.61 0.0 -6.49
7.61 0.0 -6.48
7.62 0.0 -6.47
7.63 0.0 -6.47
7.63 0.0 -6.46
7.64 0.0 -6.45
7.65 0.0 -6.44
7.66 0.0 -6.43
7.67 0.0 -6.42
7.67 0.0 -6.41
7.68 0.0 -6.41
7.69 0.0 -6.4
7.69 0.0 -6.39
7.7 0.0 -6.38
7.7 0.0 -6.37
7.71 0.0 -6.37
7.72 0.0 -6.36
7.72 0.0 -6.35
7.73 0.0 -6.34
7.74 0.0 -6.34
7.74 0.0 -6.33
7.75 0.0 -6.32
7.76 0.0 -6.31
7.76 0.0 -6.3
7.77 0.0 -6.3
7.77 0.0 -6.29
7.78 0.0 -6.28
7.79 0.0 -6.27
7.8 0.0 -6.26
7.81 0.0 -6.25
7.81 0.0 -6.24


7.81 0.0 -6.24
7.82 0.0 -6.23
7.83 0.0 -6.22
7.84 0.0 -6.21
7.84 0.0 -6.2
7.85 0.0 -6.2
7.86 0.0 -6.19
7.86 0.0 -6.18
7.87 0.0 -6.17
7.87 0.0 -6.16
7.88 0.0 -6.16
7.89 0.0 -6.15
7.89 0.0 -6.14
7.9 0.0 -6.13
7.9 0.0 -6.12
7.91 0.0 -6.12
7.92 0.0 -6.11
7.92 0.0 -6.1
7.93 0.0 -6.09
7.94 0.0 -6.09
7.94 0.0 -6.08
7.95 0.0 -6.07
7.95 0.0 -6.06
7.96 0.0 -6.05
7.97 0.0 -6.05
7.97 0.0 -6.04
7.98 0.0 -6.03
7.98 0.0 -6.02
7.99 0.0 -6.01
8.0 0.0 -6.01
8.0 0.0 -6.0
8.01 0.0 -5.99
8.01 0.0 -5.98
8.02 0.0 -5.97
8.03 0.0 -5.97
8.03 0.0 -5.96
8.04 0.0 -5.95
8.04 0.0 -5.94
8.05 0.0 -5.93
8.06 0.0 -5.93
8.06 0.0 -5.92
8.07 0.0 -5.91
8.07 0.0 -5.9
8.08 0.0 -5.89
8.09 0.0 -5.88
8.1 0.0 -5.87
8.1 0.0 -5.86
8.11 0.0 -5.85
8.11 0.0 -5.84
8.12 0.0 -5.84
8.13 0.0 -5.83
8.13 0.0 -5.82
8.14 0.0 -5.81
8.14 0.0 -5.8
8.15 0.0 -5.8
8.16 0.0 -5.79
8.16 0.0 -5.78
8.17 0.0 -5.77
8.17 0.0 -5.76
8.18 0.0 -5.75
8.19 0.0 -5.74
8.2 0.0 -5.73
8.2 0.0 -5.72
8.21 0.0 -5.71
8.22 0.0 -5.7
8.22 0.0 -5.69
8.23 0.0 -5.68
8.24 0.0 -5.67
8.24 0.0 -5.66
8.25 0.0 -5.66
8.25 0.0 -5.65
8.26 0.0 -5.64
8.26 0.0 -5.63
8.27 0.0 -5.62
8.27 0.0 -5.61
8.28 0.0 -5.61
8.29 0.0 -5.6
8.29 0.0 -5.59
8.3 0.0 -5.58
8.3 0.0 -5.57
8.31 0.0 -5.57
8.31 0.0 -5.56
8.32 0.0 -5.55
8.33 0.0 -5.54
8.33 0.0 -5.53
8.34 0.0 -5.52
8.35 0.0 -5.51
8.35 0.0 -5.5
8.36 0.0 -5.49
8.36 0.0 -5.48
8.37 0.0 -5.47
8.38 0.0 -5.46
8.39 0.0 -5.45
8.39 0.0 -5.44
8.4 0.0 -5.43
8.4 0.0 -5.42
8.41 0.0 -5.41
8.42 0.0 -5.4
8.42 0.0 -5.39
8.43 0.0 -5.38
8.43 0.0 -5.37
8.44 0.0 -5.36
8.45 0.0 -5.35
8.46 0.0 -5.34
8.46 0.0 -5.33
8.47 0.0 -5.32
8.47 0.0 -5.31
8.48 0.0 -5.3
8.49 0.0 -5.29
8.49 0.0 -5.28
8.5 0.0 -5.27
8.5 0.0 -5.26
8.51 0.0 -5.25
8.52 0.0 -5.24
8.52 0.0 -5.23
8.53 0.0 -5.22
8.53 0.0 -5.21
8.54 0.0 -5.2
8.55 0.0 -5.19
8.56 0.0 -5.18
8.56 0.0 -5.17
8.57 0.0 -5.16
8.57 0.0 -5.15
8.58 0.0 -5.14
8.58 0.0 -5.13
8.59 0.0 -5.13
8.59 0.0 -5.12
8.6 0.0 -5.11
8.6 0.0 -5.1
8.61 0.0 -5.09
8.61 0.0 -5.08
8.62 0.0 -5.07
8.63 0.0 -5.06
8.63 0.0 -5.05
8.64 0.0 -5.04
8.64 0.0 -5.03
8.65 0.0 -5.02
8.65 0.0 -5.01
8.66 0.0 -5.01
8.66 0.0 -5.0
8.67 0.0 -4.99
8.67 0.0 -4.98
8.68 0.0 -4.97
8.68 0.0 -4.96
8.69 0.0 -4.95
8.69 0.0 -4.94
8.7 0.0 -4.94
8.7 0.0 -4.93
8.71 0.0 -4.92
8.71 0.0 -4.91
8.72 0.0 -4.9
8.72 0.0 -4.89
8.73 0.0 -4.88
8.73 0.0 -4.87
8.74 0.0 -4.87
8.74 0.0 -4.86
8.75 0.0 -4.85
8.75 0.0 -4.84
8.76 0.0 -4.83
8.76 0.0 -4.82
8.77 0.0 -4.81
8.77 0.0 -4.8
8.78 0.0 -4.79
8.78 0.0 -4.78
8.79 0.0 -4.77
8.79 0.0 -4.76
8.8 0.0 -4.75
8.8 0.0 -4.74
8.81 0.0 -4.73
8.82 0.0 -4.72
8.82 0.0 -4.71
8.83 0.0 -4.7
8.83 0.0 -4.69
8.84 0.0 -4.68
8.84 0.0 -4.67
8.85 0.0 -4.66
8.85 0.0 -4.65
8.86 0.0 -4.65
8.86 0.0 -4.64
8.86 0.0 -4.63
8.87 0.0 -4.62
8.87 0.0 -4.61
8.88 0.0 -4.6
8.88 0.0 -4.59
8.89 0.0 -4.58
8.9 0.0 -4.57
8.9 0.0 -4.56
8.91 0.0 -4.55
8.91 0.0 -4.54
8.91 0.0 -4.53
8.92 0.0 -4.52
8.92 0.0 -4.51
8.93 0.0 -4.5
8.93 0.0 -4.49
8.94 0.0 -4.49
8.94 0.0 -4.48
8.95 0.0 -4.47
8.95 0.0 -4.46
8.96 0.0 -4.45
8.96 0.0 -4.44


8.96 0.0 -4.44
8.96 0.0 -4.43
8.97 0.0 -4.42
8.97 0.0 -4.41
8.98 0.0 -4.41
8.98 0.0 -4.4
8.99 0.0 -4.39
8.99 0.0 -4.38
8.99 0.0 -4.37
9.0 0.0 -4.36
9.0 0.0 -4.35
9.01 0.0 -4.34
9.01 0.0 -4.33
9.02 0.0 -4.32
9.03 0.0 -4.31
9.03 0.0 -4.3
9.03 0.0 -4.29
9.04 0.0 -4.28
9.04 0.0 -4.27
9.05 0.0 -4.26
9.05 0.0 -4.25
9.06 0.0 -4.24
9.06 0.0 -4.23
9.06 0.0 -4.22
9.07 0.0 -4.22
9.07 0.0 -4.21
9.08 0.0 -4.2
9.08 0.0 -4.19
9.08 0.0 -4.18
9.09 0.0 -4.17
9.09 0.0 -4.16
9.1 0.0 -4.15
9.1 0.0 -4.14
9.11 0.0 -4.13
9.11 0.0 -4.12
9.12 0.0 -4.11
9.12 0.0 -4.1
9.13 0.0 -4.09
9.13 0.0 -4.08
9.13 0.0 -4.07
9.14 0.0 -4.06
9.14 0.0 -4.05
9.15 0.0 -4.04
9.15 0.0 -4.03
9.15 0.0 -4.02
9.16 0.0 -4.02
9.16 0.0 -4.01
9.17 0.0 -4.0
9.17 0.0 -3.99
9.17 0.0 -3.98
9.18 0.0 -3.97
9.18 0.0 -3.96
9.19 0.0 -3.95
9.19 0.0 -3.94
9.19 0.0 -3.93
9.2 0.0 -3.92
9.2 0.0 -3.91
9.21 0.0 -3.91
9.21 0.0 -3.9
9.21 0.0 -3.89
9.22 0.0 -3.88
9.22 0.0 -3.87
9.23 0.0 -3.86
9.23 0.0 -3.85
9.23 0.0 -3.84
9.24 0.0 -3.83
9.24 0.0 -3.82
9.24 0.0 -3.81
9.25 0.0 -3.8
9.25 0.0 -3.79
9.26 0.0 -3.79
9.26 0.0 -3.78
9.26 0.0 -3.77
9.27 0.0 -3.76
9.27 0.0 -3.75
9.27 0.0 -3.74
9.28 0.0 -3.73
9.28 0.0 -3.72
9.29 0.0 -3.71
9.29 0.0 -3.7
9.29 0.0 -3.69
9.3 0.0 -3.68
9.3 0.0 -3.67
9.3 0.0 -3.66
9.31 0.0 -3.66
9.31 0.0 -3.65
9.32 0.0 -3.64
9.32 0.0 -3.63
9.32 0.0 -3.62
9.33 0.0 -3.61
9.33 0.0 -3.6
9.33 0.0 -3.59
9.34 0.0 -3.58
9.34 0.0 -3.57
9.34 0.0 -3.56
9.35 0.0 -3.55
9.35 0.0 -3.54
9.35 0.0 -3.53
9.36 0.0 -3.52
9.37 0.0 -3.51
9.37 0.0 -3.5
9.37 0.0 -3.49
9.38 0.0 -3.48
9.38 0.0 -3.47
9.38 0.0 -3.46
9.39 0.0 -3.45
9.39 0.0 -3.44
9.39 0.0 -3.43
9.4 0.0 -3.42
9.4 0.0 -3.41
9.4 0.0 -3.4
9.41 0.0 -3.39
9.41 0.0 -3.38
9.41 0.0 -3.37
9.42 0.0 -3.36
9.42 0.0 -3.35
9.43 0.0 -3.34
9.43 0.0 -3.33
9.43 0.0 -3.32
9.44 0.0 -3.31
9.44 0.0 -3.3
9.44 0.0 -3.29
9.45 0.0 -3.28
9.45 0.0 -3.27
9.45 0.0 -3.26
9.46 0.0 -3.25
9.46 0.0 -3.24
9.46 0.0 -3.23
9.47 0.0 -3.22
9.47 0.0 -3.21
9.47 0.0 -3.2
9.48 0.0 -3.19
9.48 0.0 -3.18
9.49 0.0 -3.17
9.49 0.0 -3.16
9.49 0.0 -3.15
9.49 0.0 -3.14
9.5 0.0 -3.13
9.5 0.0 -3.12
9.5 0.0 -3.11
9.51 0.0 -3.1
9.51 0.0 -3.09
9.51 0.0 -3.08
9.52 0.0 -3.07
9.52 0.0 -3.06
9.52 0.0 -3.05
9.53 0.0 -3.04
9.53 0.0 -3.03
9.53 0.0 -3.02
9.53 0.0 -3.01
9.54 0.0 -3.0
9.54 0.0 -2.99
9.55 0.0 -2.98
9.55 0.0 -2.97
9.55 0.0 -2.96
9.56 0.0 -2.95
9.56 0.0 -2.94
9.56 0.0 -2.93
9.56 0.0 -2.92
9.57 0.0 -2.91
9.57 0.0 -2.9
9.57 0.0 -2.89
9.58 0.0 -2.88
9.58 0.0 -2.87
9.58 0.0 -2.86
9.58 0.0 -2.85
9.59 0.0 -2.84
9.59 0.0 -2.83
9.59 0.0 -2.82
9.6 0.0 -2.81
9.6 0.0 -2.8
9.6 0.0 -2.79
9.6 0.0 -2.78
9.61 0.0 -2.77
9.61 0.0 -2.76
9.62 0.0 -2.75
9.62 0.0 -2.74
9.62 0.0 -2.73
9.62 0.0 -2.72
9.63 0.0 -2.71
9.63 0.0 -2.7
9.63 0.0 -2.69
9.63 0.0 -2.68
9.64 0.0 -2.67
9.64 0.0 -2.66
9.64 0.0 -2.65
9.65 0.0 -2.64
9.65 0.0 -2.63
9.65 0.0 -2.62
9.65 0.0 -2.61
9.66 0.0 -2.6
9.66 0.0 -2.59
9.66 0.0 -2.58
9.66 0.0 -2.57
9.67 0.0 -2.56
9.67 0.0 -2.55
9.67 0.0 -2.54
9.67 0.0 -2.53
9.68 0.0 -2.52
9.68 0.0 -2.51


9.68 0.0 -2.51
9.68 0.0 -2.5
9.69 0.0 -2.49
9.69 0.0 -2.48
9.69 0.0 -2.47
9.69 0.0 -2.46
9.7 0.0 -2.45
9.7 0.0 -2.44
9.7 0.0 -2.43
9.7 0.0 -2.42
9.71 0.0 -2.41
9.71 0.0 -2.4
9.71 0.0 -2.39
9.71 0.0 -2.38
9.72 0.0 -2.37
9.72 0.0 -2.36
9.72 0.0 -2.35
9.72 0.0 -2.34
9.72 0.0 -2.33
9.73 0.0 -2.32
9.73 0.0 -2.31
9.73 0.0 -2.3
9.73 0.0 -2.29
9.74 0.0 -2.28
9.74 0.0 -2.27
9.74 0.0 -2.26
9.74 0.0 -2.25
9.75 0.0 -2.24
9.75 0.0 -2.23
9.75 0.0 -2.22
9.75 0.0 -2.21
9.75 0.0 -2.2
9.76 0.0 -2.19
9.76 0.0 -2.18
9.76 0.0 -2.17
9.76 0.0 -2.16
9.77 0.0 -2.15
9.77 0.0 -2.14
9.77 0.0 -2.13
9.77 0.0 -2.12
9.78 0.0 -2.11
9.78 0.0 -2.1
9.78 0.0 -2.09
9.78 0.0 -2.08
9.78 0.0 -2.07
9.79 0.0 -2.06
9.79 0.0 -2.05
9.79 0.0 -2.04
9.79 0.0 -2.03
9.79 0.0 -2.02
9.8 0.0 -2.01
9.8 0.0 -2.0
9.8 0.0 -1.99
9.8 0.0 -1.98
9.8 0.0 -1.97
9.81 0.0 -1.96
9.81 0.0 -1.95
9.81 0.0 -1.94
9.81 0.0 -1.93
9.81 0.0 -1.92
9.82 0.0 -1.91
9.82 0.0 -1.9
9.82 0.0 -1.89
9.82 0.0 -1.88
9.82 0.0 -1.87
9.83 0.0 -1.86
9.83 0.0 -1.85
9.83 0.0 -1.84
9.83 0.0 -1.83
9.83 0.0 -1.82
9.83 0.0 -1.81
9.84 0.0 -1.8
9.84 0.0 -1.79
9.84 0.0 -1.78
9.84 0.0 -1.77
9.84 0.0 -1.76
9.85 0.0 -1.75
9.85 0.0 -1.74
9.85 0.0 -1.73
9.85 0.0 -1.72
9.85 0.0 -1.71
9.85 0.0 -1.7
9.86 0.0 -1.69
9.86 0.0 -1.68
9.86 0.0 -1.67
9.86 0.0 -1.66
9.86 0.0 -1.65
9.86 0.0 -1.64
9.87 0.0 -1.63
9.87 0.0 -1.62
9.87 0.0 -1.61
9.87 0.0 -1.6
9.87 0.0 -1.59
9.88 0.0 -1.58
9.88 0.0 -1.57
9.88 0.0 -1.56
9.88 0.0 -1.55
9.88 0.0 -1.54
9.88 0.0 -1.53
9.88 0.0 -1.52
9.89 0.0 -1.51
9.89 0.0 -1.5
9.89 0.0 -1.49
9.89 0.0 -1.48
9.89 0.0 -1.47
9.89 0.0 -1.46
9.89 0.0 -1.45
9.9 0.0 -1.44
9.9 0.0 -1.43
9.9 0.0 -1.42
9.9 0.0 -1.41
9.9 0.0 -1.4
9.9 0.0 -1.39
9.9 0.0 -1.38
9.91 0.0 -1.37
9.91 0.0 -1.36
9.91 0.0 -1.35
9.91 0.0 -1.34
9.91 0.0 -1.33
9.91 0.0 -1.32
9.91 0.0 -1.31
9.92 0.0 -1.3
9.92 0.0 -1.29
9.92 0.0 -1.28
9.92 0.0 -1.27
9.92 0.0 -1.26
9.92 0.0 -1.25
9.92 0.0 -1.24
9.92 0.0 -1.23
9.93 0.0 -1.22
9.93 0.0 -1.21
9.93 0.0 -1.2
9.93 0.0 -1.19
9.93 0.0 -1.18
9.93 0.0 -1.17
9.93 0.0 -1.16
9.93 0.0 -1.15
9.93 0.0 -1.14
9.94 0.0 -1.13
9.94 0.0 -1.12
9.94 0.0 -1.11
9.94 0.0 -1.1
9.94 0.0 -1.09
9.94 0.0 -1.08
9.94 0.0 -1.07
9.94 0.0 -1.06
9.94 0.0 -1.05
9.95 0.0 -1.04
9.95 0.0 -1.03
9.95 0.0 -1.02
9.95 0.0 -1.01
9.95 0.0 -1.0
9.95 0.0 -0.99
9.95 0.0 -0.98
9.95 0.0 -0.97
9.95 0.0 -0.96
9.95 0.0 -0.95
9.96 0.0 -0.94
9.96 0.0 -0.93
9.96 0.0 -0.92
9.96 0.0 -0.91
9.96 0.0 -0.9
9.96 0.0 -0.89
9.96 0.0 -0.88
9.96 0.0 -0.87
9.96 0.0 -0.86
9.96 0.0 -0.85
9.96 0.0 -0.84
9.97 0.0 -0.83
9.97 0.0 -0.82
9.97 0.0 -0.81
9.97 0.0 -0.8
9.97 0.0 -0.79
9.97 0.0 -0.78
9.97 0.0 -0.77
9.97 0.0 -0.76
9.97 0.0 -0.75
9.97 0.0 -0.74
9.97 0.0 -0.73
9.97 0.0 -0.72
9.97 0.0 -0.71
9.98 0.0 -0.7
9.98 0.0 -0.69
9.98 0.0 -0.68
9.98 0.0 -0.67
9.98 0.0 -0.66
9.98 0.0 -0.65
9.98 0.0 -0.64
9.98 0.0 -0.63
9.98 0.0 -0.62
9.98 0.0 -0.61
9.98 0.0 -0.6
9.98 0.0 -0.59
9.98 0.0 -0.58
9.98 0.0 -0.57
9.98 0.0 -0.56
9.98 0.0 -0.55
9.99 0.0 -0.54
9.99 0.0 -0.53
9.99 0.0 -0.52


9.99 0.0 -0.52
9.99 0.0 -0.51
9.99 0.0 -0.5
9.99 0.0 -0.49
9.99 0.0 -0.48
9.99 0.0 -0.47
9.99 0.0 -0.46
9.99 0.0 -0.45
9.99 0.0 -0.44
9.99 0.0 -0.43
9.99 0.0 -0.42
9.99 0.0 -0.41
9.99 0.0 -0.4
9.99 0.0 -0.39
9.99 0.0 -0.38
9.99 0.0 -0.37
9.99 0.0 -0.36
9.99 0.0 -0.35
9.99 0.0 -0.34
9.99 0.0 -0.33
9.99 0.0 -0.32
10.0 0.0 -0.31
10.0 0.0 -0.3
10.0 0.0 -0.29
10.0 0.0 -0.28
10.0 0.0 -0.27
10.0 0.0 -0.26
10.0 0.0 -0.25
10.0 0.0 -0.24
10.0 0.0 -0.23
10.0 0.0 -0.22
10.0 0.0 -0.21
10.0 0.0 -0.2
10.0 0.0 -0.19
10.0 0.0 -0.18
10.0 0.0 -0.17
10.0 0.0 -0.16
10.0 0.0 -0.15
10.0 0.0 -0.14
10.0 0.0 -0.13
10.0 0.0 -0.12
10.0 0.0 -0.11
10.0 0.0 -0.1
10.0 0.0 -0.09
10.0 0.0 -0.08
10.0 0.0 -0.07
10.0 0.0 -0.06
10.0 0.0 -0.05
10.0 0.0 -0.04
10.0 0.0 -0.03
10.0 0.0 -0.02
10.0 0.0 -0.01
10.0 0.0 -0.0


